1 1 0
2 1 1
2 2 2
3 1 0
3 2 3
3 3 0
4 1 1
4 2 5
4 3 11
4 4 36
5 1 0
5 2 8
5 3 0
5 4 95
5 5 0
6 1 1
6 2 13
6 3 41
6 4 281
6 5 1183
6 6 6728
7 1 0
7 2 21
7 3 0
7 4 781
7 5 0
7 6 31529
7 7 0
8 1 1
8 2 34
8 3 153
8 4 2245
8 5 14824
8 6 167089
8 7 1292697
8 8 12988816
9 1 0
9 2 55
9 3 0
9 4 6336
9 5 0
9 6 817991
9 7 0
9 8 108435745
9 9 0
10 1 1
10 2 89
10 3 571
10 4 18061
10 5 185921
10 6 4213133
10 7 53175517
10 8 31151234
10 9 479521663
10 10 584044562
11 1 0
11 2 144
11 3 0
11 4 51205
11 5 0
11 6 21001799
11 7 0
11 8 940739768
11 9 0
11 10 472546535
11 11 0
12 1 1
12 2 233
12 3 2131
12 4 145601
12 5 2332097
12 6 106912793
12 7 188978103
12 8 741005255
12 9 528655152
12 10 732130620
12 11 177126748
12 12 150536661
13 1 0
13 2 377
13 3 0
13 4 413351
13 5 0
13 6 536948224
13 7 0
13 8 164248716
13 9 0
13 10 186229290
13 11 0
13 12 389322891
13 13 0
14 1 1
14 2 610
14 3 7953
14 4 1174500
14 5 29253160
14 6 720246619
14 7 124166811
14 8 498190405
14 9 764896039
14 10 274787842
14 11 513673802
14 12 371114062
14 13 351258337
14 14 722065660
15 1 0
15 2 987
15 3 0
15 4 3335651
15 5 0
15 6 704300462
15 7 0
15 8 200052235
15 9 0
15 10 732073997
15 11 0
15 12 65334618
15 13 0
15 14 236847118
15 15 0
16 1 1
16 2 1597
16 3 29681
16 4 9475901
16 5 366944287
16 6 289288426
16 7 708175999
16 8 282756494
16 9 416579196
16 10 320338127
16 11 881924366
16 12 119004311
16 13 144590622
16 14 451896972
16 15 974417347
16 16 378503901
17 1 0
17 2 2584
17 3 0
17 4 26915305
17 5 0
17 6 519608270
17 7 0
17 8 999778285
17 9 0
17 10 326300207
17 11 0
17 12 425596063
17 13 0
17 14 583566213
17 15 0
17 16 442114657
17 17 0
18 1 1
18 2 4181
18 3 110771
18 4 76455961
18 5 602858691
18 6 722568702
18 7 288792508
18 8 266829157
18 9 374539632
18 10 920312389
18 11 398681143
18 12 653730078
18 13 160818829
18 14 592689037
18 15 734633368
18 16 312234085
18 17 728096345
18 18 833488771
19 1 0
19 2 6765
19 3 0
19 4 217172736
19 5 0
19 6 652784574
19 7 0
19 8 374848991
19 9 0
19 10 866693983
19 11 0
19 12 825541445
19 13 0
19 14 599454620
19 15 0
19 16 987316493
19 17 0
19 18 383075132
19 19 0
20 1 1
20 2 10946
20 3 413403
20 4 616891945
20 5 737128505
20 6 25347757
20 7 499840569
20 8 732733123
20 9 463359497
20 10 505817930
20 11 695023626
20 12 489282772
20 13 695206971
20 14 884345883
20 15 482465811
20 16 353159062
20 17 782785817
20 18 794071061
20 19 442742166
20 20 752148172
21 1 0
21 2 17711
21 3 0
21 4 752296274
21 5 0
21 6 497542064
21 7 0
21 8 64101501
21 9 0
21 10 837774537
21 11 0
21 12 247057048
21 13 0
21 14 383652427
21 15 0
21 16 768425389
21 17 0
21 18 292290493
21 19 0
21 20 395793793
21 21 0
22 1 1
22 2 28657
22 3 1542841
22 4 977472753
22 5 240360629
22 6 239871154
22 7 231579240
22 8 577098709
22 9 464555725
22 10 140959483
22 11 61575973
22 12 356649483
22 13 537491713
22 14 59115655
22 15 375653777
22 16 608070656
22 17 906984561
22 18 962830350
22 19 664292079
22 20 447942177
22 21 742555047
22 22 197607966
23 1 0
23 2 46368
23 3 0
23 4 138673297
23 5 0
23 6 811265775
23 7 0
23 8 40311657
23 9 0
23 10 465537628
23 11 0
23 12 786786688
23 13 0
23 14 461232202
23 15 0
23 16 15361402
23 17 0
23 18 776106147
23 19 0
23 20 506977907
23 21 0
23 22 419383270
23 23 0
24 1 1
24 2 75025
24 3 5757961
24 4 161441356
24 5 693233437
24 6 735526221
24 7 695229633
24 8 135275909
24 9 614381417
24 10 199233619
24 11 966172833
24 12 671064225
24 13 460711050
24 14 229701331
24 15 169524594
24 16 569317188
24 17 60000410
24 18 752665709
24 19 701896875
24 20 761996297
24 21 620641052
24 22 706020638
24 23 175930416
24 24 312697956
25 1 0
25 2 121393
25 3 0
25 4 79984313
25 5 0
25 6 12991683
25 7 0
25 8 86415614
25 9 0
25 10 394488873
25 11 0
25 12 457079849
25 13 0
25 14 838819806
25 15 0
25 16 148481992
25 17 0
25 18 378360771
25 19 0
25 20 509654799
25 21 0
25 22 752647734
25 23 0
25 24 984142971
25 25 0
26 1 1
26 2 196418
26 3 21489003
26 4 48391637
26 5 161030220
26 6 877251176
26 7 584178002
26 8 913700172
26 9 968053965
26 10 34022193
26 11 267186007
26 12 163916057
26 13 361275393
26 14 500945666
26 15 997881414
26 16 802482427
26 17 159036256
26 18 290869031
26 19 185135114
26 20 684408116
26 21 967429681
26 22 655836562
26 23 167069734
26 24 586903669
26 25 269691907
26 26 466301385
27 1 0
27 2 317811
27 3 0
27 4 471081261
27 5 0
27 6 538245117
27 7 0
27 8 871899778
27 9 0
27 10 53464697
27 11 0
27 12 701830647
27 13 0
27 14 156467957
27 15 0
27 16 268483332
27 17 0
27 18 113804806
27 19 0
27 20 951330977
27 21 0
27 22 578709002
27 23 0
27 24 513763520
27 25 0
27 26 597838823
27 27 0
28 1 1
28 2 514229
28 3 80198051
28 4 631582403
28 5 100264365
28 6 425064676
28 7 660909038
28 8 656147963
28 9 580469408
28 10 750884057
28 11 105655662
28 12 173166384
28 13 735335078
28 14 959907812
28 15 958452343
28 16 523150227
28 17 551206357
28 18 393074000
28 19 632143009
28 20 593941547
28 21 943596917
28 22 47459366
28 23 372002458
28 24 474412087
28 25 647293588
28 26 349656340
28 27 574716359
28 28 809095932
29 1 0
29 2 832040
29 3 0
29 4 955396018
29 5 0
29 6 601434705
29 7 0
29 8 701512461
29 9 0
29 10 292429252
29 11 0
29 12 876809189
29 13 0
29 14 58127887
29 15 0
29 16 138285885
29 17 0
29 18 933881602
29 19 0
29 20 293287374
29 21 0
29 22 371743813
29 23 0
29 24 598198428
29 25 0
29 26 222436407
29 27 0
29 28 499852274
29 29 0
30 1 1
30 2 1346269
30 3 299303201
30 4 535997629
30 5 509139319
30 6 679105410
30 7 247763836
30 8 730529519
30 9 786118524
30 10 429848211
30 11 34529789
30 12 730571031
30 13 267918054
30 14 596705240
30 15 62646611
30 16 212970425
30 17 444073222
30 18 715563819
30 19 451911863
30 20 756394062
30 21 125408913
30 22 565321613
30 23 679657949
30 24 147621535
30 25 493060857
30 26 69474437
30 27 619425379
30 28 492836825
30 29 739031388
30 30 671246513
31 1 0
31 2 2178309
31 3 0
31 4 473478826
31 5 0
31 6 445661826
31 7 0
31 8 845602876
31 9 0
31 10 384043539
31 11 0
31 12 859438320
31 13 0
31 14 658585623
31 15 0
31 16 542996623
31 17 0
31 18 750635550
31 19 0
31 20 947339121
31 21 0
31 22 530151056
31 23 0
31 24 507955334
31 25 0
31 26 78233182
31 27 0
31 28 540009931
31 29 0
31 30 644179560
31 31 0
32 1 1
32 2 3524578
32 3 117014746
32 4 477280565
32 5 150849926
32 6 303713729
32 7 118196953
32 8 869509268
32 9 410992405
32 10 772379167
32 11 484542003
32 12 942965542
32 13 383887318
32 14 137927506
32 15 930511698
32 16 804974709
32 17 619669616
32 18 957661499
32 19 186672191
32 20 999501715
32 21 776477252
32 22 907420990
32 23 300809154
32 24 730822269
32 25 876359082
32 26 24881021
32 27 542106986
32 28 589676886
32 29 268938540
32 30 539392534
32 31 784020800
32 32 146210507
33 1 0
33 2 5702887
33 3 0
33 4 425276292
33 5 0
33 6 777498294
33 7 0
33 8 342133040
33 9 0
33 10 376699166
33 11 0
33 12 33054722
33 13 0
33 14 848932003
33 15 0
33 16 729286877
33 17 0
33 18 663116015
33 19 0
33 20 120219479
33 21 0
33 22 538698324
33 23 0
33 24 540018590
33 25 0
33 26 305585939
33 27 0
33 28 825718450
33 29 0
33 30 990098848
33 31 0
33 32 661228576
33 33 0
34 1 1
34 2 9227465
34 3 168755783
34 4 749160300
34 5 313226028
34 6 573835829
34 7 934997313
34 8 749716370
34 9 808002613
34 10 985765229
34 11 501212253
34 12 190944264
34 13 64465289
34 14 463571598
34 15 577435949
34 16 89727634
34 17 733896913
34 18 575142022
34 19 328977105
34 20 377153455
34 21 149299616
34 22 309979905
34 23 70455445
34 24 917803313
34 25 179513807
34 26 591069604
34 27 87611258
34 28 489799124
34 29 646867331
34 30 378236099
34 31 687865795
34 32 199964426
34 33 871272659
34 34 427486382
35 1 0
35 2 14930352
35 3 0
35 4 879343485
35 5 0
35 6 500119776
35 7 0
35 8 565535042
35 9 0
35 10 882237881
35 11 0
35 12 259774787
35 13 0
35 14 191051155
35 15 0
35 16 900021565
35 17 0
35 18 196484758
35 19 0
35 20 320910482
35 21 0
35 22 380011778
35 23 0
35 24 524357528
35 25 0
35 26 860670854
35 27 0
35 28 853268045
35 29 0
35 30 347347794
35 31 0
35 32 944082795
35 33 0
35 34 351931981
35 35 0
36 1 1
36 2 24157817
36 3 558008386
36 4 573140684
36 5 408018159
36 6 309688041
36 7 115103637
36 8 25931261
36 9 435206577
36 10 990361814
36 11 268864577
36 12 733769628
36 13 331033887
36 14 411405170
36 15 134918160
36 16 991222561
36 17 191674422
36 18 892943241
36 19 935692890
36 20 991674376
36 21 667021982
36 22 202873089
36 23 992007427
36 24 432031757
36 25 104058137
36 26 746713413
36 27 297560860
36 28 723299987
36 29 690533717
36 30 467652878
36 31 234675617
36 32 462521404
36 33 208285405
36 34 759940665
36 35 216095917
36 36 240098784
37 1 0
37 2 39088169
37 3 0
37 4 293742082
37 5 0
37 6 101065857
37 7 0
37 8 753531394
37 9 0
37 10 448447511
37 11 0
37 12 519311285
37 13 0
37 14 269082000
37 15 0
37 16 299375128
37 17 0
37 18 233135261
37 19 0
37 20 793947807
37 21 0
37 22 703477913
37 23 0
37 24 760089037
37 25 0
37 26 860082701
37 27 0
37 28 703090302
37 29 0
37 30 913858424
37 31 0
37 32 878932329
37 33 0
37 34 455318853
37 35 0
37 36 929574232
37 37 0
38 1 1
38 2 63245986
38 3 63277747
38 4 289628666
38 5 850649081
38 6 664787437
38 7 523095508
38 8 153321410
38 9 825942884
38 10 226210380
38 11 542369513
38 12 612640643
38 13 53734467
38 14 68397189
38 15 744769337
38 16 256929173
38 17 883870486
38 18 976144165
38 19 406799368
38 20 226222349
38 21 641903076
38 22 788288145
38 23 999946755
38 24 873557526
38 25 730334650
38 26 45520478
38 27 119569267
38 28 474682959
38 29 185657753
38 30 704397788
38 31 843331048
38 32 178704815
38 33 203242998
38 34 334788723
38 35 7071050
38 36 169915010
38 37 968963806
38 38 313776480
39 1 0
39 2 102334155
39 3 0
39 4 452136268
39 5 0
39 6 840665569
39 7 0
39 8 492660860
39 9 0
39 10 538215280
39 11 0
39 12 901916069
39 13 0
39 14 921202471
39 15 0
39 16 211868441
39 17 0
39 18 997653299
39 19 0
39 20 995590484
39 21 0
39 22 221116121
39 23 0
39 24 83548593
39 25 0
39 26 894917610
39 27 0
39 28 248058053
39 29 0
39 30 34547005
39 31 0
39 32 725944983
39 33 0
39 34 385373257
39 35 0
39 36 385919408
39 37 0
39 38 20952919
39 39 0
40 1 1
40 2 165580141
40 3 695102609
40 4 620880989
40 5 250695593
40 6 773234062
40 7 960572737
40 8 283802014
40 9 47306520
40 10 190348836
40 11 496400661
40 12 7011859
40 13 851954667
40 14 218037530
40 15 279210100
40 16 628464028
40 17 630950231
40 18 478147874
40 19 881156423
40 20 500441318
40 21 462671823
40 22 74234056
40 23 277021718
40 24 739906429
40 25 13313021
40 26 895469102
40 27 437670849
40 28 664533172
40 29 627075884
40 30 215530554
40 31 9143455
40 32 748406393
40 33 330704355
40 34 921476878
40 35 347667220
40 36 426692016
40 37 808764711
40 38 373081368
40 39 701403046
40 40 768466191
41 1 0
41 2 267914296
41 3 0
41 4 877448899
41 5 0
41 6 948098058
41 7 0
41 8 467044735
41 9 0
41 10 888437785
41 11 0
41 12 208341862
41 13 0
41 14 414086352
41 15 0
41 16 505153538
41 17 0
41 18 797471952
41 19 0
41 20 49420351
41 21 0
41 22 798052150
41 23 0
41 24 712845212
41 25 0
41 26 251235519
41 27 0
41 28 504908317
41 29 0
41 30 965884116
41 31 0
41 32 329738189
41 33 0
41 34 145027708
41 35 0
41 36 52938394
41 37 0
41 38 661539408
41 39 0
41 40 754586683
41 41 0
42 1 1
42 2 433494437
42 3 717132675
42 4 144361418
42 5 346709786
42 6 666659006
42 7 369501182
42 8 559439542
42 9 17170557
42 10 63653385
42 11 130926153
42 12 849366905
42 13 957807188
42 14 784736673
42 15 316298579
42 16 443734465
42 17 27918264
42 18 556236266
42 19 371051891
42 20 517922528
42 21 545214972
42 22 631622502
42 23 305713574
42 24 813485122
42 25 772772751
42 26 681458071
42 27 882311824
42 28 220316216
42 29 600010781
42 30 629697437
42 31 41321497
42 32 756846456
42 33 264096604
42 34 49788594
42 35 208043499
42 36 383001971
42 37 574587315
42 38 103061606
42 39 229855237
42 40 401439776
42 41 255519551
42 42 653680773
43 1 0
43 2 701408733
43 3 0
43 4 700350606
43 5 0
43 6 979304194
43 7 0
43 8 224429563
43 9 0
43 10 714642085
43 11 0
43 12 735389861
43 13 0
43 14 343279297
43 15 0
43 16 287104786
43 17 0
43 18 389324913
43 19 0
43 20 163638186
43 21 0
43 22 553464388
43 23 0
43 24 137388552
43 25 0
43 26 389977719
43 27 0
43 28 318621224
43 29 0
43 30 306331018
43 31 0
43 32 189470524
43 33 0
43 34 530183109
43 35 0
43 36 98472418
43 37 0
43 38 618633210
43 39 0
43 40 250430563
43 41 0
43 42 873812349
43 43 0
44 1 1
44 2 134903163
44 3 173428077
44 4 678725599
44 5 530105807
44 6 888909704
44 7 438696559
44 8 145688406
44 9 722677898
44 10 513841148
44 11 610765239
44 12 461714561
44 13 703585128
44 14 593801211
44 15 110820419
44 16 810538135
44 17 514364291
44 18 306577502
44 19 871419700
44 20 66081492
44 21 78326129
44 22 350144460
44 23 761956023
44 24 11261882
44 25 947476288
44 26 129085823
44 27 838635898
44 28 74296675
44 29 197210995
44 30 564947888
44 31 839777512
44 32 432004390
44 33 317167459
44 34 945112224
44 35 624739821
44 36 238732292
44 37 682136357
44 38 866271401
44 39 531859077
44 40 317373011
44 41 811859482
44 42 748130248
44 43 26080825
44 44 249501359
45 1 0
45 2 836311896
45 3 0
45 4 447391127
45 5 0
45 6 428974913
45 7 0
45 8 994845720
45 9 0
45 10 184659280
45 11 0
45 12 559279721
45 13 0
45 14 697513514
45 15 0
45 16 775006801
45 17 0
45 18 180782404
45 19 0
45 20 76815883
45 21 0
45 22 222476201
45 23 0
45 24 600162712
45 25 0
45 26 492253747
45 27 0
45 28 918980800
45 29 0
45 30 820877506
45 31 0
45 32 978111552
45 33 0
45 34 691029816
45 35 0
45 36 750757437
45 37 0
45 38 938732765
45 39 0
45 40 807983305
45 41 0
45 42 979617595
45 43 0
45 44 517985114
45 45 0
46 1 1
46 2 971215059
46 3 976579640
46 4 397008282
46 5 766658774
46 6 145416310
46 7 942491911
46 8 420264482
46 9 354948837
46 10 120853996
46 11 583735876
46 12 694900210
46 13 115472088
46 14 750473280
46 15 185124484
46 16 775034832
46 17 935780126
46 18 339093600
46 19 485203095
46 20 54280154
46 21 677008635
46 22 34141886
46 23 272453241
46 24 767223271
46 25 248038009
46 26 295664679
46 27 793850779
46 28 330370778
46 29 453318404
46 30 58331612
46 31 872838432
46 32 85440837
46 33 149130026
46 34 944677314
46 35 739071215
46 36 415915696
46 37 472902098
46 38 718912093
46 39 493076940
46 40 710042437
46 41 658887009
46 42 789070823
46 43 717720871
46 44 51557188
46 45 643307562
46 46 438100817
47 1 0
47 2 807526948
47 3 0
47 4 612338896
47 5 0
47 6 81923770
47 7 0
47 8 756360299
47 9 0
47 10 667444
47 11 0
47 12 171009512
47 13 0
47 14 792335741
47 15 0
47 16 960888198
47 17 0
47 18 923278279
47 19 0
47 20 923456959
47 21 0
47 22 252313104
47 23 0
47 24 190012058
47 25 0
47 26 871352299
47 27 0
47 28 911216318
47 29 0
47 30 97656544
47 31 0
47 32 92113182
47 33 0
47 34 10408699
47 35 0
47 36 837133410
47 37 0
47 38 886726078
47 39 0
47 40 782569756
47 41 0
47 42 561692789
47 43 0
47 44 340022968
47 45 0
47 46 655856527
47 47 0
48 1 1
48 2 778742000
48 3 732890462
48 4 366045820
48 5 486446990
48 6 320236583
48 7 597183638
48 8 785363422
48 9 81622230
48 10 398130705
48 11 107088248
48 12 998702745
48 13 817801792
48 14 263324094
48 15 405512321
48 16 319969820
48 17 557699361
48 18 468406151
48 19 482773349
48 20 871145417
48 21 101262099
48 22 464468537
48 23 838142155
48 24 242245646
48 25 426350431
48 26 172354144
48 27 858059460
48 28 762363257
48 29 542361106
48 30 411370584
48 31 659261228
48 32 828961157
48 33 517216400
48 34 897225050
48 35 935280509
48 36 837474523
48 37 712647711
48 38 925109072
48 39 868525239
48 40 549720973
48 41 575243126
48 42 455059956
48 43 190767066
48 44 724082343
48 45 325098923
48 46 394015747
48 47 180427277
48 48 370251343
49 1 0
49 2 586268941
49 3 0
49 4 377357434
49 5 0
49 6 194058193
49 7 0
49 8 683431967
49 9 0
49 10 752227168
49 11 0
49 12 372538944
49 13 0
49 14 331532326
49 15 0
49 16 193198257
49 17 0
49 18 573940670
49 19 0
49 20 764036238
49 21 0
49 22 9650598
49 23 0
49 24 436255170
49 25 0
49 26 527800082
49 27 0
49 28 211915365
49 29 0
49 30 533455417
49 31 0
49 32 242540679
49 33 0
49 34 465022766
49 35 0
49 36 487776008
49 37 0
49 38 580832387
49 39 0
49 40 333774481
49 41 0
49 42 447820242
49 43 0
49 44 242757853
49 45 0
49 46 786668032
49 47 0
49 48 801191532
49 49 0
50 1 1
50 2 365010934
50 3 954982201
50 4 422917134
50 5 368501471
50 6 734689432
50 7 217283915
50 8 927866615
50 9 842169928
50 10 78567261
50 11 718804506
50 12 315739723
50 13 418028643
50 14 421279359
50 15 596936367
50 16 653761167
50 17 843544249
50 18 665396610
50 19 656566427
50 20 268551690
50 21 707113225
50 22 500184340
50 23 712041389
50 24 538938171
50 25 663174956
50 26 21423699
50 27 230826064
50 28 245472782
50 29 278632357
50 30 964434851
50 31 445506335
50 32 307773077
50 33 437003960
50 34 606537474
50 35 172619044
50 36 167814346
50 37 865838778
50 38 36041584
50 39 241064384
50 40 688856255
50 41 26650716
50 42 592661939
50 43 285943741
50 44 44979405
50 45 171201054
50 46 590847329
50 47 992558609
50 48 610920025
50 49 330460086
50 50 350411077
51 1 0
51 2 951279875
51 3 0
51 4 63411214
51 5 0
51 6 962237061
51 7 0
51 8 32097863
51 9 0
51 10 714772132
51 11 0
51 12 378619866
51 13 0
51 14 513095277
51 15 0
51 16 271852310
51 17 0
51 18 767945503
51 19 0
51 20 112998319
51 21 0
51 22 223911496
51 23 0
51 24 292203497
51 25 0
51 26 246802893
51 27 0
51 28 248253184
51 29 0
51 30 487682474
51 31 0
51 32 951699381
51 33 0
51 34 730919107
51 35 0
51 36 692197062
51 37 0
51 38 303543280
51 39 0
51 40 486811744
51 41 0
51 42 783189203
51 43 0
51 44 223864627
51 45 0
51 46 414959222
51 47 0
51 48 578199193
51 49 0
51 50 524421265
51 51 0
52 1 1
52 2 316290802
52 3 87038321
52 4 189308484
52 5 930994188
52 6 198821318
52 7 675963724
52 8 553049001
52 9 782332417
52 10 973243968
52 11 95449477
52 12 862994714
52 13 606832479
52 14 998173694
52 15 503856027
52 16 898603797
52 17 991149445
52 18 981890341
52 19 879699514
52 20 865005657
52 21 466641149
52 22 298905392
52 23 590797610
52 24 566591674
52 25 860245614
52 26 384265957
52 27 968488701
52 28 958747233
52 29 609366187
52 30 124793866
52 31 428919552
52 32 21581750
52 33 238661323
52 34 234649995
52 35 563247810
52 36 499303471
52 37 660595504
52 38 413287128
52 39 787527746
52 40 250546015
52 41 604722914
52 42 173406844
52 43 186426973
52 44 46020626
52 45 578350531
52 46 447249269
52 47 132520602
52 48 804882522
52 49 637096545
52 50 348797488
52 51 204810486
52 52 748509955
53 1 0
53 2 267570670
53 3 0
53 4 551924254
53 5 0
53 6 277963752
53 7 0
53 8 596904747
53 9 0
53 10 991038867
53 11 0
53 12 858881072
53 13 0
53 14 240412322
53 15 0
53 16 555474360
53 17 0
53 18 608529402
53 19 0
53 20 820190727
53 21 0
53 22 666678904
53 23 0
53 24 950551337
53 25 0
53 26 375908904
53 27 0
53 28 679004599
53 29 0
53 30 99358697
53 31 0
53 32 255505389
53 33 0
53 34 583893292
53 35 0
53 36 516523997
53 37 0
53 38 62607345
53 39 0
53 40 517191065
53 41 0
53 42 483944245
53 43 0
53 44 528356241
53 45 0
53 46 667135895
53 47 0
53 48 164448076
53 49 0
53 50 190217611
53 51 0
53 52 606450033
53 53 0
54 1 1
54 2 583861472
54 3 393171090
54 4 138960747
54 5 702911768
54 6 195372026
54 7 678166046
54 8 730192066
54 9 814571099
54 10 201753124
54 11 545496377
54 12 748302652
54 13 740379249
54 14 63552807
54 15 77966077
54 16 258314822
54 17 60985933
54 18 112293264
54 19 293947653
54 20 163092292
54 21 484791017
54 22 771860115
54 23 57942801
54 24 840913052
54 25 947389428
54 26 374256737
54 27 606489899
54 28 483641396
54 29 490566854
54 30 265349293
54 31 794794119
54 32 256362786
54 33 254623965
54 34 899254044
54 35 27962983
54 36 81948080
54 37 583066693
54 38 519754224
54 39 988994073
54 40 912521316
54 41 724352891
54 42 978084930
54 43 53562076
54 44 54246414
54 45 498463567
54 46 21867797
54 47 654674786
54 48 454251030
54 49 448856212
54 50 138423283
54 51 402564264
54 52 582358752
54 53 738390864
54 54 642471600
55 1 0
55 2 851432142
55 3 0
55 4 24479266
55 5 0
55 6 309961346
55 7 0
55 8 790439445
55 9 0
55 10 906679807
55 11 0
55 12 47923558
55 13 0
55 14 682719949
55 15 0
55 16 64265728
55 17 0
55 18 145916214
55 19 0
55 20 470820180
55 21 0
55 22 197905788
55 23 0
55 24 679871226
55 25 0
55 26 624088925
55 27 0
55 28 729462778
55 29 0
55 30 286526368
55 31 0
55 32 67450243
55 33 0
55 34 87415169
55 35 0
55 36 680814354
55 37 0
55 38 388227011
55 39 0
55 40 91895446
55 41 0
55 42 185952575
55 43 0
55 44 80239879
55 45 0
55 46 524266150
55 47 0
55 48 973674761
55 49 0
55 50 322049923
55 51 0
55 52 826787075
55 53 0
55 54 176619750
55 55 0
56 1 1
56 2 435293607
56 3 485646032
56 4 81898764
56 5 792937684
56 6 998952535
56 7 317242503
56 8 143899619
56 9 671385535
56 10 540892223
56 11 324072051
56 12 770840695
56 13 675381263
56 14 805095037
56 15 329883944
56 16 242140697
56 17 73238766
56 18 852187595
56 19 536891040
56 20 830432623
56 21 832178403
56 22 145432447
56 23 261066496
56 24 111382806
56 25 885174006
56 26 418029127
56 27 621556618
56 28 74432301
56 29 767311520
56 30 835465465
56 31 449568834
56 32 961226919
56 33 850209288
56 34 779789011
56 35 529267308
56 36 514304414
56 37 931801656
56 38 312149064
56 39 256913981
56 40 847278615
56 41 578910389
56 42 487216007
56 43 673724913
56 44 720908704
56 45 464712958
56 46 760212966
56 47 796561464
56 48 709261459
56 49 123817065
56 50 64982374
56 51 610258383
56 52 340968943
56 53 525062728
56 54 512969178
56 55 284619064
56 56 8961734
57 1 0
57 2 286725742
57 3 0
57 4 791331594
57 5 0
57 6 917057456
57 7 0
57 8 240953270
57 9 0
57 10 382912512
57 11 0
57 12 618022312
57 13 0
57 14 441729073
57 15 0
57 16 318344693
57 17 0
57 18 667181551
57 19 0
57 20 816682670
57 21 0
57 22 3040514
57 23 0
57 24 775724951
57 25 0
57 26 481785564
57 27 0
57 28 674319082
57 29 0
57 30 370023855
57 31 0
57 32 556045019
57 33 0
57 34 543944373
57 35 0
57 36 293122900
57 37 0
57 38 784061534
57 39 0
57 40 709455464
57 41 0
57 42 458841271
57 43 0
57 44 550934637
57 45 0
57 46 474440810
57 47 0
57 48 188019166
57 49 0
57 50 462694617
57 51 0
57 52 943854574
57 53 0
57 54 854469934
57 55 0
57 56 99561504
57 57 0
58 1 1
58 2 722019349
58 3 549413031
58 4 86343926
58 5 997300019
58 6 71446863
58 7 244438062
58 8 275110404
58 9 212305202
58 10 827220165
58 11 147992052
58 12 479557142
58 13 808308789
58 14 598048936
58 15 685559712
58 16 620862057
58 17 359639188
58 18 318769956
58 19 141163180
58 20 4279522
58 21 521288293
58 22 483287049
58 23 92744484
58 24 538647572
58 25 875819370
58 26 829204474
58 27 581964495
58 28 440277483
58 29 663422568
58 30 589217688
58 31 656520680
58 32 88720155
58 33 596561357
58 34 228745510
58 35 911879646
58 36 702779071
58 37 355399654
58 38 967737702
58 39 164037533
58 40 881772847
58 41 109615908
58 42 693038899
58 43 541422191
58 44 239025678
58 45 464903349
58 46 655167384
58 47 919382185
58 48 301952348
58 49 116813532
58 50 217212142
58 51 554631886
58 52 578126021
58 53 313111474
58 54 724369139
58 55 684989669
58 56 369286438
58 57 484935637
58 58 147943316
59 1 0
59 2 8745084
59 3 0
59 4 100421366
59 5 0
59 6 68086453
59 7 0
59 8 639502317
59 9 0
59 10 197883782
59 11 0
59 12 62644386
59 13 0
59 14 781462668
59 15 0
59 16 150744658
59 17 0
59 18 693327799
59 19 0
59 20 495868188
59 21 0
59 22 835485947
59 23 0
59 24 173942918
59 25 0
59 26 420469960
59 27 0
59 28 421951001
59 29 0
59 30 653256779
59 31 0
59 32 322877287
59 33 0
59 34 885226561
59 35 0
59 36 143827569
59 37 0
59 38 191797570
59 39 0
59 40 796414816
59 41 0
59 42 748088701
59 43 0
59 44 74668870
59 45 0
59 46 831926885
59 47 0
59 48 688732308
59 49 0
59 50 637629413
59 51 0
59 52 999748732
59 53 0
59 54 229949086
59 55 0
59 56 398872464
59 57 0
59 58 520532629
59 59 0
60 1 1
60 2 730764433
60 3 712006085
60 4 241573819
60 5 198176736
60 6 38444122
60 7 963833193
60 8 761017485
60 9 801204446
60 10 350566579
60 11 73599260
60 12 882548908
60 13 478803159
60 14 622554915
60 15 904834177
60 16 376617272
60 17 957939950
60 18 487754655
60 19 434304002
60 20 908413262
60 21 477873288
60 22 435303418
60 23 404062966
60 24 974845834
60 25 19768593
60 26 64731581
60 27 576277254
60 28 781189752
60 29 137713272
60 30 775227815
60 31 15952015
60 32 66462315
60 33 634255989
60 34 644093993
60 35 338075727
60 36 832617087
60 37 272250246
60 38 524146286
60 39 633606757
60 40 87433146
60 41 73908057
60 42 988472532
60 43 316496114
60 44 259040764
60 45 210876813
60 46 541019347
60 47 794271487
60 48 644651196
60 49 183178154
60 50 877141129
60 51 465419955
60 52 504979304
60 53 71653104
60 54 716023090
60 55 283893124
60 56 174284446
60 57 582050558
60 58 832184417
60 59 116402818
60 60 177942680
61 1 0
61 2 739509517
61 3 0
61 4 38692981
61 5 0
61 6 2824535
61 7 0
61 8 262612353
61 9 0
61 10 13237359
61 11 0
61 12 372167981
61 13 0
61 14 552555886
61 15 0
61 16 54916294
61 17 0
61 18 263146966
61 19 0
61 20 652026261
61 21 0
61 22 974566051
61 23 0
61 24 876710069
61 25 0
61 26 75907265
61 27 0
61 28 223016396
61 29 0
61 30 292030568
61 31 0
61 32 295202239
61 33 0
61 34 940846677
61 35 0
61 36 668715542
61 37 0
61 38 324565495
61 39 0
61 40 359077039
61 41 0
61 42 448904810
61 43 0
61 44 647969530
61 45 0
61 46 733671340
61 47 0
61 48 328638322
61 49 0
61 50 389796857
61 51 0
61 52 64396508
61 53 0
61 54 778160190
61 55 0
61 56 616348885
61 57 0
61 58 546348844
61 59 0
61 60 242157086
61 61 0
62 1 1
62 2 470273943
62 3 298611295
62 4 260639509
62 5 250204050
62 6 40733416
62 7 904281930
62 8 40514272
62 9 12411619
62 10 750400206
62 11 114949356
62 12 205285575
62 13 948075838
62 14 539169043
62 15 640224197
62 16 798950537
62 17 270815270
62 18 721858238
62 19 919079629
62 20 521058337
62 21 710931117
62 22 823797427
62 23 749945064
62 24 362968794
62 25 327247520
62 26 565417800
62 27 250752020
62 28 817534389
62 29 167449142
62 30 49236385
62 31 599091967
62 32 967516307
62 33 26292704
62 34 433632376
62 35 244709016
62 36 582686182
62 37 984943299
62 38 439733922
62 39 690979793
62 40 412585637
62 41 75004980
62 42 991203581
62 43 551300819
62 44 554963294
62 45 28225076
62 46 360045594
62 47 413760314
62 48 53724187
62 49 236832392
62 50 267561485
62 51 370339671
62 52 937933016
62 53 69989492
62 54 131862169
62 55 999722013
62 56 434510506
62 57 567664325
62 58 664652614
62 59 559787964
62 60 716877194
62 61 608920867
62 62 158943197
63 1 0
63 2 209783453
63 3 0
63 4 595256867
63 5 0
63 6 212146633
63 7 0
63 8 725035718
63 9 0
63 10 817812032
63 11 0
63 12 931659435
63 13 0
63 14 566452262
63 15 0
63 16 955295645
63 17 0
63 18 197292170
63 19 0
63 20 999847598
63 21 0
63 22 43676673
63 23 0
63 24 347575589
63 25 0
63 26 632965551
63 27 0
63 28 174671582
63 29 0
63 30 125010787
63 31 0
63 32 276977576
63 33 0
63 34 679916720
63 35 0
63 36 511969002
63 37 0
63 38 664163800
63 39 0
63 40 918158710
63 41 0
63 42 233225504
63 43 0
63 44 722749644
63 45 0
63 46 730798748
63 47 0
63 48 873270217
63 49 0
63 50 568002468
63 51 0
63 52 284195509
63 53 0
63 54 328775853
63 55 0
63 56 245483085
63 57 0
63 58 131765923
63 59 0
63 60 645320097
63 61 0
63 62 731970362
63 63 0
64 1 1
64 2 680057396
64 3 482439095
64 4 695573567
64 5 577967722
64 6 426246420
64 7 770179809
64 8 549142498
64 9 199084254
64 10 106991524
64 11 290268648
64 12 948733644
64 13 799889482
64 14 588988702
64 15 186059537
64 16 843171614
64 17 503612716
64 18 380626804
64 19 950652341
64 20 254955330
64 21 535373102
64 22 250536061
64 23 721650995
64 24 409036446
64 25 367114774
64 26 716094090
64 27 760682068
64 28 586497494
64 29 558023651
64 30 752708214
64 31 329403999
64 32 416628076
64 33 263934771
64 34 793153528
64 35 879401405
64 36 989450805
64 37 147811078
64 38 323977015
64 39 805064712
64 40 697708288
64 41 256123827
64 42 684697038
64 43 154947256
64 44 421148944
64 45 541668502
64 46 683759134
64 47 121976369
64 48 962725393
64 49 932297008
64 50 284353342
64 51 370949699
64 52 472695096
64 53 725383013
64 54 624507952
64 55 763908316
64 56 324391611
64 57 102467441
64 58 927819503
64 59 30190966
64 60 477327442
64 61 888963298
64 62 976997548
64 63 406824035
64 64 293636755
65 1 0
65 2 889840849
65 3 0
65 4 893804409
65 5 0
65 6 957964403
65 7 0
65 8 540869673
65 9 0
65 10 714846585
65 11 0
65 12 346532177
65 13 0
65 14 225083059
65 15 0
65 16 647209263
65 17 0
65 18 284438856
65 19 0
65 20 930190069
65 21 0
65 22 677998835
65 23 0
65 24 332931214
65 25 0
65 26 102317730
65 27 0
65 28 458679088
65 29 0
65 30 286279273
65 31 0
65 32 530381274
65 33 0
65 34 810217220
65 35 0
65 36 290360761
65 37 0
65 38 245868943
65 39 0
65 40 8347591
65 41 0
65 42 104527573
65 43 0
65 44 743619585
65 45 0
65 46 647048010
65 47 0
65 48 597743565
65 49 0
65 50 623662851
65 51 0
65 52 525863683
65 53 0
65 54 250061218
65 55 0
65 56 185140993
65 57 0
65 58 849829308
65 59 0
65 60 658389340
65 61 0
65 62 317578558
65 63 0
65 64 734132200
65 65 0
66 1 1
66 2 569898238
66 3 631145078
66 4 706289574
66 5 638337237
66 6 657593029
66 7 423510389
66 8 508120342
66 9 373536307
66 10 224250607
66 11 804879470
66 12 203968555
66 13 330369335
66 14 758017659
66 15 829035318
66 16 953724526
66 17 978213214
66 18 874552599
66 19 534390946
66 20 996927560
66 21 364274176
66 22 922557387
66 23 173320826
66 24 166855615
66 25 673608523
66 26 18311904
66 27 797905423
66 28 176224251
66 29 298286892
66 30 602209060
66 31 693079895
66 32 338023219
66 33 235812827
66 34 834893588
66 35 367033865
66 36 717344315
66 37 51032963
66 38 777043118
66 39 155002557
66 40 826057987
66 41 874025806
66 42 872494052
66 43 32191791
66 44 722458659
66 45 673962066
66 46 802177240
66 47 931726847
66 48 557039899
66 49 642795853
66 50 955941551
66 51 895256276
66 52 576564951
66 53 729649346
66 54 829985682
66 55 489083867
66 56 593326259
66 57 131129762
66 58 275478968
66 59 916975834
66 60 571665729
66 61 814499821
66 62 760807560
66 63 473633068
66 64 375440065
66 65 513274694
66 66 708751445
67 1 0
67 2 459739080
67 3 0
67 4 275628284
67 5 0
67 6 560399095
67 7 0
67 8 913707373
67 9 0
67 10 260546334
67 11 0
67 12 893276555
67 13 0
67 14 555502842
67 15 0
67 16 199657239
67 17 0
67 18 352343071
67 19 0
67 20 905660583
67 21 0
67 22 932695884
67 23 0
67 24 865494974
67 25 0
67 26 817092904
67 27 0
67 28 141706368
67 29 0
67 30 552350902
67 31 0
67 32 641110331
67 33 0
67 34 19212485
67 35 0
67 36 555614546
67 37 0
67 38 998012565
67 39 0
67 40 36781787
67 41 0
67 42 324283087
67 43 0
67 44 832037108
67 45 0
67 46 437746452
67 47 0
67 48 390859193
67 49 0
67 50 724079488
67 51 0
67 52 351359429
67 53 0
67 54 11279244
67 55 0
67 56 235742500
67 57 0
67 58 467268171
67 59 0
67 60 356747503
67 61 0
67 62 215566029
67 63 0
67 64 330517983
67 65 0
67 66 55451361
67 67 0
68 1 1
68 2 29637311
68 3 42141203
68 4 5306968
68 5 634975507
68 6 746473043
68 7 768060925
68 8 594336326
68 9 905816079
68 10 809480503
68 11 799717522
68 12 885230943
68 13 759582293
68 14 589343822
68 15 388956598
68 16 476785237
68 17 735388395
68 18 162885240
68 19 127347023
68 20 45725115
68 21 797953509
68 22 191535361
68 23 2021798
68 24 632723522
68 25 619364330
68 26 257944824
68 27 67359874
68 28 16806425
68 29 890219656
68 30 391655709
68 31 139842120
68 32 386936652
68 33 484813578
68 34 861667902
68 35 526893594
68 36 30656209
68 37 88252971
68 38 868945001
68 39 103478818
68 40 3635771
68 41 861038057
68 42 496428749
68 43 756674861
68 44 383080697
68 45 888936726
68 46 283124136
68 47 263335369
68 48 690042161
68 49 201465161
68 50 620382540
68 51 44222163
68 52 161037826
68 53 766506728
68 54 776788874
68 55 579692297
68 56 543033882
68 57 337278725
68 58 758752905
68 59 227876038
68 60 154969492
68 61 86579608
68 62 854006310
68 63 316651243
68 64 793772795
68 65 830684762
68 66 184271100
68 67 760079791
68 68 57738100
69 1 0
69 2 489376391
69 3 0
69 4 195933546
69 5 0
69 6 64648554
69 7 0
69 8 919880873
69 9 0
69 10 101803148
69 11 0
69 12 219192674
69 13 0
69 14 84310553
69 15 0
69 16 574322282
69 17 0
69 18 920044897
69 19 0
69 20 744246947
69 21 0
69 22 245301661
69 23 0
69 24 250292425
69 25 0
69 26 869544917
69 27 0
69 28 686002790
69 29 0
69 30 666010307
69 31 0
69 32 332609415
69 33 0
69 34 391043219
69 35 0
69 36 246936906
69 37 0
69 38 261743053
69 39 0
69 40 702235432
69 41 0
69 42 296076437
69 43 0
69 44 37571425
69 45 0
69 46 255172069
69 47 0
69 48 873837377
69 49 0
69 50 733105843
69 51 0
69 52 893526134
69 53 0
69 54 719504879
69 55 0
69 56 611050002
69 57 0
69 58 107013581
69 59 0
69 60 142009111
69 61 0
69 62 954421919
69 63 0
69 64 127641651
69 65 0
69 66 513026180
69 67 0
69 68 926339215
69 69 0
70 1 1
70 2 519013702
70 3 537419741
70 4 791807103
70 5 517152822
70 6 301969625
70 7 29463383
70 8 272000803
70 9 753955311
70 10 887170353
70 11 288176489
70 12 521257904
70 13 697295094
70 14 320640904
70 15 321254730
70 16 950118595
70 17 696577315
70 18 877799608
70 19 905777978
70 20 414934172
70 21 196309932
70 22 901465476
70 23 893539701
70 24 419044767
70 25 464978621
70 26 464930395
70 27 665332328
70 28 676425695
70 29 634849684
70 30 964497977
70 31 793485319
70 32 923665897
70 33 496076719
70 34 870834081
70 35 820449232
70 36 49553511
70 37 119947019
70 38 920019362
70 39 185383319
70 40 290171053
70 41 804965466
70 42 270837260
70 43 302564890
70 44 99164638
70 45 644469570
70 46 314965920
70 47 860531923
70 48 537468841
70 49 597936089
70 50 589413665
70 51 497353036
70 52 738305881
70 53 796429500
70 54 85795434
70 55 558033402
70 56 872399476
70 57 94385657
70 58 183054619
70 59 357149098
70 60 175298483
70 61 183621931
70 62 575224497
70 63 760776416
70 64 914490546
70 65 284749798
70 66 482814394
70 67 141151979
70 68 489626182
70 69 280997149
70 70 994480068
71 1 0
71 2 8390086
71 3 0
71 4 501153510
71 5 0
71 6 709470249
71 7 0
71 8 227358695
71 9 0
71 10 435955050
71 11 0
71 12 491602324
71 13 0
71 14 443734987
71 15 0
71 16 63810963
71 17 0
71 18 716588162
71 19 0
71 20 719464221
71 21 0
71 22 159207490
71 23 0
71 24 961208259
71 25 0
71 26 429515991
71 27 0
71 28 93655371
71 29 0
71 30 240612945
71 31 0
71 32 468969177
71 33 0
71 34 515447080
71 35 0
71 36 801483110
71 37 0
71 38 231786564
71 39 0
71 40 839338935
71 41 0
71 42 780872474
71 43 0
71 44 470276828
71 45 0
71 46 483366840
71 47 0
71 48 540583329
71 49 0
71 50 42177066
71 51 0
71 52 883071549
71 53 0
71 54 634830883
71 55 0
71 56 613688687
71 57 0
71 58 696503663
71 59 0
71 60 712304486
71 61 0
71 62 259585141
71 63 0
71 64 221060993
71 65 0
71 66 338994653
71 67 0
71 68 724965672
71 69 0
71 70 180683600
71 71 0
72 1 1
72 2 527403788
72 3 107537747
72 4 650815575
72 5 435166967
72 6 193031567
72 7 821642339
72 8 61627776
72 9 276907473
72 10 238754126
72 11 909769346
72 12 848365410
72 13 303467267
72 14 98946107
72 15 653647177
72 16 852255156
72 17 75790341
72 18 464619276
72 19 394016485
72 20 707920943
72 21 743703552
72 22 13858180
72 23 587699694
72 24 560209445
72 25 143489335
72 26 214904755
72 27 503248408
72 28 283087663
72 29 659037978
72 30 940377666
72 31 29642775
72 32 617317294
72 33 129541240
72 34 416165676
72 35 820138769
72 36 571411885
72 37 945234512
72 38 801963234
72 39 978960586
72 40 545645667
72 41 939224510
72 42 619656625
72 43 52303942
72 44 407260623
72 45 602893599
72 46 99447437
72 47 966003128
72 48 40440706
72 49 819327724
72 50 945139786
72 51 391574698
72 52 380563573
72 53 15017764
72 54 908062783
72 55 191788664
72 56 711511411
72 57 256737753
72 58 172462880
72 59 710215219
72 60 646723413
72 61 130582859
72 62 112692247
72 63 805868844
72 64 704169425
72 65 596356447
72 66 895840185
72 67 893556024
72 68 712091117
72 69 802309071
72 70 297090377
72 71 972900470
72 72 122763953
73 1 0
73 2 535793874
73 3 0
73 4 752456661
73 5 0
73 6 73181664
73 7 0
73 8 427686900
73 9 0
73 10 907741191
73 11 0
73 12 668142700
73 13 0
73 14 110638842
73 15 0
73 16 37996063
73 17 0
73 18 963118259
73 19 0
73 20 308158645
73 21 0
73 22 562058863
73 23 0
73 24 175136306
73 25 0
73 26 172912413
73 27 0
73 28 933341254
73 29 0
73 30 365763277
73 31 0
73 32 225928856
73 33 0
73 34 28438122
73 35 0
73 36 783036601
73 37 0
73 38 94169417
73 39 0
73 40 423243322
73 41 0
73 42 661919645
73 43 0
73 44 62453626
73 45 0
73 46 386181417
73 47 0
73 48 256207134
73 49 0
73 50 709221364
73 51 0
73 52 977182611
73 53 0
73 54 318212054
73 55 0
73 56 19374970
73 57 0
73 58 274382147
73 59 0
73 60 955633324
73 61 0
73 62 384231790
73 63 0
73 64 871831221
73 65 0
73 66 618740721
73 67 0
73 68 954352541
73 69 0
73 70 927027704
73 71 0
73 72 595316295
73 73 0
74 1 1
74 2 63197655
74 3 892731254
74 4 715880922
74 5 864909583
74 6 618652856
74 7 63408207
74 8 209366819
74 9 761723648
74 10 713037617
74 11 300691787
74 12 86155151
74 13 249293551
74 14 982433115
74 15 480339436
74 16 45693164
74 17 235555906
74 18 360079369
74 19 313172237
74 20 767592183
74 21 67540775
74 22 857716554
74 23 766785251
74 24 290547000
74 25 968371879
74 26 171080449
74 27 135675467
74 28 180744156
74 29 10917669
74 30 52510759
74 31 576663558
74 32 430483038
74 33 713328974
74 34 802456612
74 35 521152598
74 36 186734803
74 37 508486159
74 38 15143027
74 39 294657509
74 40 37500227
74 41 384717802
74 42 901959955
74 43 512314721
74 44 490656101
74 45 515740181
74 46 143515940
74 47 20428914
74 48 186715784
74 49 988131468
74 50 114184903
74 51 651366582
74 52 467602027
74 53 584735384
74 54 632316067
74 55 656926640
74 56 775821388
74 57 463504194
74 58 189199087
74 59 338171839
74 60 846889409
74 61 126206945
74 62 227238272
74 63 530750945
74 64 156756592
74 65 776552327
74 66 257221661
74 67 435185205
74 68 10220191
74 69 143717084
74 70 99049059
74 71 416815866
74 72 962636298
74 73 220312360
74 74 443902035
75 1 0
75 2 598991529
75 3 0
75 4 627826264
75 5 0
75 6 19135218
75 7 0
75 8 915413480
75 9 0
75 10 99876939
75 11 0
75 12 339483988
75 13 0
75 14 945237633
75 15 0
75 16 900821551
75 17 0
75 18 184067854
75 19 0
75 20 950983585
75 21 0
75 22 769288140
75 23 0
75 24 419763678
75 25 0
75 26 422142563
75 27 0
75 28 396214760
75 29 0
75 30 903112546
75 31 0
75 32 721335751
75 33 0
75 34 159457265
75 35 0
75 36 234802594
75 37 0
75 38 803087330
75 39 0
75 40 17228105
75 41 0
75 42 469909251
75 43 0
75 44 758150109
75 45 0
75 46 642106115
75 47 0
75 48 896260668
75 49 0
75 50 295285464
75 51 0
75 52 626343213
75 53 0
75 54 347515980
75 55 0
75 56 207692080
75 57 0
75 58 129349311
75 59 0
75 60 992312232
75 61 0
75 62 386758790
75 63 0
75 64 363974663
75 65 0
75 66 194082792
75 67 0
75 68 482417072
75 69 0
75 70 398907000
75 71 0
75 72 810218873
75 73 0
75 74 833608679
75 75 0
76 1 1
76 2 662189184
76 3 463387248
76 4 308871932
76 5 170617582
76 6 922377824
76 7 307892760
76 8 646265392
76 9 908669556
76 10 873871553
76 11 106528431
76 12 441364609
76 13 767082334
76 14 111453678
76 15 179286385
76 16 775624004
76 17 281309726
76 18 569423751
76 19 656980504
76 20 223896186
76 21 713126695
76 22 456894732
76 23 832339671
76 24 658271184
76 25 719798164
76 26 363030040
76 27 590031148
76 28 926968763
76 29 988968724
76 30 100139882
76 31 774995856
76 32 25099108
76 33 320182574
76 34 476264278
76 35 278226418
76 36 920709097
76 37 891201562
76 38 454323931
76 39 762249813
76 40 746085646
76 41 972238565
76 42 535205370
76 43 630491312
76 44 334510322
76 45 60015983
76 46 156060978
76 47 761143190
76 48 476422874
76 49 946745623
76 50 912177564
76 51 884995860
76 52 216945624
76 53 450030596
76 54 326047387
76 55 215235052
76 56 879586321
76 57 371326458
76 58 757038663
76 59 185820337
76 60 819477637
76 61 934323665
76 62 484418522
76 63 666663358
76 64 967142913
76 65 953369464
76 66 615358987
76 67 560244334
76 68 19047607
76 69 156733909
76 70 553398643
76 71 182826344
76 72 388203041
76 73 571519286
76 74 159669850
76 75 399318310
76 76 292977466
77 1 0
77 2 261180706
77 3 0
77 4 411427492
77 5 0
77 6 603178531
77 7 0
77 8 595285702
77 9 0
77 10 303479902
77 11 0
77 12 727185261
77 13 0
77 14 185745275
77 15 0
77 16 169206393
77 17 0
77 18 568749910
77 19 0
77 20 769792796
77 21 0
77 22 635358476
77 23 0
77 24 353638915
77 25 0
77 26 23101154
77 27 0
77 28 424685902
77 29 0
77 30 758711854
77 31 0
77 32 893540199
77 33 0
77 34 444780532
77 35 0
77 36 720256131
77 37 0
77 38 790275750
77 39 0
77 40 45406527
77 41 0
77 42 577176089
77 43 0
77 44 116036092
77 45 0
77 46 576499500
77 47 0
77 48 935794709
77 49 0
77 50 796714992
77 51 0
77 52 316647910
77 53 0
77 54 514859462
77 55 0
77 56 448090078
77 57 0
77 58 80984784
77 59 0
77 60 140387697
77 61 0
77 62 310986305
77 63 0
77 64 720048878
77 65 0
77 66 709558167
77 67 0
77 68 662987104
77 69 0
77 70 839387097
77 71 0
77 72 156890562
77 73 0
77 74 169519602
77 75 0
77 76 199114171
77 77 0
78 1 1
78 2 923369890
78 3 960817738
78 4 867732487
78 5 892508897
78 6 850653510
78 7 734359703
78 8 546107810
78 9 426452481
78 10 946355566
78 11 964288512
78 12 320549943
78 13 220800407
78 14 73783621
78 15 849160404
78 16 698471914
78 17 869871258
78 18 392635634
78 19 247771535
78 20 49465045
78 21 590390321
78 22 705269017
78 23 494238491
78 24 363042328
78 25 257964752
78 26 981351355
78 27 377921765
78 28 204509860
78 29 989068127
78 30 761961277
78 31 417966599
78 32 380849516
78 33 990291151
78 34 951577248
78 35 4986995
78 36 274444858
78 37 697365271
78 38 371990723
78 39 417070098
78 40 730165174
78 41 178359580
78 42 816490164
78 43 37428704
78 44 31389718
78 45 23014259
78 46 689755539
78 47 385630478
78 48 812015674
78 49 892754721
78 50 893500409
78 51 811527633
78 52 132506326
78 53 512561032
78 54 590997684
78 55 971984788
78 56 263951603
78 57 890457924
78 58 564619512
78 59 407107993
78 60 182486631
78 61 678312203
78 62 863528610
78 63 22904884
78 64 100602783
78 65 683454903
78 66 961193027
78 67 892571392
78 68 96486538
78 69 912481234
78 70 635545748
78 71 896291131
78 72 792933423
78 73 467233654
78 74 796651194
78 75 738605655
78 76 737292138
78 77 622553294
78 78 803662556
79 1 0
79 2 184550589
79 3 0
79 4 605915601
79 5 0
79 6 785466885
79 7 0
79 8 601484011
79 9 0
79 10 373933477
79 11 0
79 12 804208699
79 13 0
79 14 897033145
79 15 0
79 16 42498052
79 17 0
79 18 172788664
79 19 0
79 20 136346068
79 21 0
79 22 704776386
79 23 0
79 24 419976857
79 25 0
79 26 963346956
79 27 0
79 28 774682890
79 29 0
79 30 237370109
79 31 0
79 32 491716637
79 33 0
79 34 479659589
79 35 0
79 36 694993697
79 37 0
79 38 988773054
79 39 0
79 40 635059676
79 41 0
79 42 797410522
79 43 0
79 44 306687961
79 45 0
79 46 991425986
79 47 0
79 48 660116316
79 49 0
79 50 801285464
79 51 0
79 52 838831338
79 53 0
79 54 360642911
79 55 0
79 56 789260279
79 57 0
79 58 332495967
79 59 0
79 60 629269942
79 61 0
79 62 95262505
79 63 0
79 64 212544068
79 65 0
79 66 901055217
79 67 0
79 68 337298144
79 69 0
79 70 258324482
79 71 0
79 72 932731265
79 73 0
79 74 823083800
79 75 0
79 76 55255190
79 77 0
79 78 204676290
79 79 0
80 1 1
80 2 107920472
80 3 379883683
80 4 47133561
80 5 466347469
80 6 695456792
80 7 663984490
80 8 944294139
80 9 876027864
80 10 289616885
80 11 744114004
80 12 140243682
80 13 646466165
80 14 494371098
80 15 50337418
80 16 861816952
80 17 356860444
80 18 932116460
80 19 892041379
80 20 302789063
80 21 493217141
80 22 885482306
80 23 650765056
80 24 188376101
80 25 344893416
80 26 253451919
80 27 630540921
80 28 245362364
80 29 147982407
80 30 326735884
80 31 249833705
80 32 679581656
80 33 921905611
80 34 95377096
80 35 472637927
80 36 850596837
80 37 144755628
80 38 262564049
80 39 6959641
80 40 531163105
80 41 677516135
80 42 697611113
80 43 254119245
80 44 354421187
80 45 728877478
80 46 62432352
80 47 175154744
80 48 668742440
80 49 452871099
80 50 959089649
80 51 331960536
80 52 701844331
80 53 503847448
80 54 944134230
80 55 996808807
80 56 541549568
80 57 8035881
80 58 598292206
80 59 563403443
80 60 249322200
80 61 605752012
80 62 284568756
80 63 860341579
80 64 242067707
80 65 170318624
80 66 200131706
80 67 954213956
80 68 258878987
80 69 355519135
80 70 849029605
80 71 155477087
80 72 692400518
80 73 348506418
80 74 891238699
80 75 593294408
80 76 677051321
80 77 881303106
80 78 77327274
80 79 315703850
80 80 430888748
81 1 0
81 2 292471061
81 3 0
81 4 533016540
81 5 0
81 6 457637070
81 7 0
81 8 536209134
81 9 0
81 10 409997696
81 11 0
81 12 310349735
81 13 0
81 14 203035462
81 15 0
81 16 855777851
81 17 0
81 18 554075238
81 19 0
81 20 69011616
81 21 0
81 22 23201732
81 23 0
81 24 560209613
81 25 0
81 26 991479138
81 27 0
81 28 434582769
81 29 0
81 30 99522373
81 31 0
81 32 749204324
81 33 0
81 34 453697446
81 35 0
81 36 258569242
81 37 0
81 38 366025719
81 39 0
81 40 698405287
81 41 0
81 42 936924336
81 43 0
81 44 972890722
81 45 0
81 46 607909632
81 47 0
81 48 113922447
81 49 0
81 50 690918695
81 51 0
81 52 678176102
81 53 0
81 54 943435353
81 55 0
81 56 888624573
81 57 0
81 58 627506415
81 59 0
81 60 192193033
81 61 0
81 62 524370997
81 63 0
81 64 223455023
81 65 0
81 66 675049887
81 67 0
81 68 334251543
81 69 0
81 70 925591534
81 71 0
81 72 119333976
81 73 0
81 74 257048934
81 75 0
81 76 996298451
81 77 0
81 78 585111489
81 79 0
81 80 561866262
81 81 0
82 1 1
82 2 400391533
82 3 558716994
82 4 506867459
82 5 129281618
82 6 674591469
82 7 825084216
82 8 322240111
82 9 695353350
82 10 925683901
82 11 947512565
82 12 579601694
82 13 767665497
82 14 134029647
82 15 955050925
82 16 166311635
82 17 922289047
82 18 867324166
82 19 670924663
82 20 278278088
82 21 511312863
82 22 337093745
82 23 441840618
82 24 237019305
82 25 62837056
82 26 852773988
82 27 457005265
82 28 616696660
82 29 504383244
82 30 254124740
82 31 993612296
82 32 48462779
82 33 848983997
82 34 436413772
82 35 32570738
82 36 101210613
82 37 344686205
82 38 473024784
82 39 717747170
82 40 959014619
82 41 985766122
82 42 774180583
82 43 683957020
82 44 542379309
82 45 626467064
82 46 619879782
82 47 469048418
82 48 484962216
82 49 696581024
82 50 28429024
82 51 992186277
82 52 808183564
82 53 247896260
82 54 157705994
82 55 930867034
82 56 289002398
82 57 186928485
82 58 541426689
82 59 857114041
82 60 886002262
82 61 542746425
82 62 29075790
82 63 609065811
82 64 184214175
82 65 532916640
82 66 461327529
82 67 110247173
82 68 801662393
82 69 26039809
82 70 53425856
82 71 600156177
82 72 309744849
82 73 149405411
82 74 446120998
82 75 450611998
82 76 836546772
82 77 864930680
82 78 667003695
82 79 529368106
82 80 103937244
82 81 514083199
82 82 397158858
83 1 0
83 2 692862594
83 3 0
83 4 613168105
83 5 0
83 6 549681714
83 7 0
83 8 75032395
83 9 0
83 10 929384328
83 11 0
83 12 823337912
83 13 0
83 14 422633515
83 15 0
83 16 55389331
83 17 0
83 18 215476173
83 19 0
83 20 889084942
83 21 0
83 22 764519872
83 23 0
83 24 901098021
83 25 0
83 26 289896322
83 27 0
83 28 982419000
83 29 0
83 30 879623812
83 31 0
83 32 657353944
83 33 0
83 34 874068161
83 35 0
83 36 637540788
83 37 0
83 38 243903151
83 39 0
83 40 459710744
83 41 0
83 42 505479001
83 43 0
83 44 770514761
83 45 0
83 46 454273277
83 47 0
83 48 329325206
83 49 0
83 50 586205355
83 51 0
83 52 494972180
83 53 0
83 54 312178902
83 55 0
83 56 300031875
83 57 0
83 58 777751647
83 59 0
83 60 829659648
83 61 0
83 62 30809783
83 63 0
83 64 612766472
83 65 0
83 66 254913035
83 67 0
83 68 22927173
83 69 0
83 70 770264496
83 71 0
83 72 411055872
83 73 0
83 74 175136181
83 75 0
83 76 573803973
83 77 0
83 78 709114418
83 79 0
83 80 611046502
83 81 0
83 82 47988815
83 83 0
84 1 1
84 2 93254120
84 3 854984286
84 4 633388358
84 5 233121135
84 6 823368700
84 7 957556002
84 8 768409704
84 9 913665251
84 10 884781890
84 11 487273244
84 12 830339687
84 13 929300848
84 14 107938203
84 15 602518128
84 16 888419908
84 17 106782675
84 18 327263595
84 19 877443003
84 20 479139600
84 21 340325306
84 22 786256947
84 23 81647634
84 24 215722453
84 25 869848588
84 26 506965483
84 27 299783878
84 28 904544766
84 29 904521326
84 30 540036939
84 31 853429399
84 32 667999306
84 33 201458097
84 34 330942512
84 35 453879720
84 36 580590836
84 37 753783057
84 38 748352368
84 39 278416528
84 40 101704852
84 41 984394807
84 42 982037477
84 43 304314379
84 44 211023816
84 45 251927690
84 46 504408055
84 47 435726241
84 48 306234278
84 49 117326837
84 50 4872827
84 51 836011767
84 52 857948817
84 53 239408128
84 54 682301200
84 55 13763905
84 56 302635181
84 57 249027625
84 58 645805246
84 59 569263855
84 60 238538231
84 61 963202068
84 62 545054040
84 63 982889736
84 64 429983028
84 65 720913963
84 66 148444290
84 67 492027962
84 68 704847026
84 69 62653120
84 70 457351632
84 71 983346759
84 72 557908715
84 73 387843041
84 74 928382162
84 75 895082073
84 76 315240397
84 77 216225355
84 78 248111928
84 79 462028973
84 80 372355430
84 81 29668957
84 82 72303068
84 83 107468066
84 84 270998082
85 1 0
85 2 786116714
85 3 0
85 4 673079781
85 5 0
85 6 473646693
85 7 0
85 8 847938468
85 9 0
85 10 897798118
85 11 0
85 12 947685931
85 13 0
85 14 126298016
85 15 0
85 16 817145018
85 17 0
85 18 367950333
85 19 0
85 20 514772979
85 21 0
85 22 981105590
85 23 0
85 24 21312997
85 25 0
85 26 704357337
85 27 0
85 28 133167904
85 29 0
85 30 783751484
85 31 0
85 32 590051294
85 33 0
85 34 171018937
85 35 0
85 36 622489336
85 37 0
85 38 720282802
85 39 0
85 40 932592044
85 41 0
85 42 756013183
85 43 0
85 44 105022262
85 45 0
85 46 319415785
85 47 0
85 48 901592912
85 49 0
85 50 775797670
85 51 0
85 52 619169202
85 53 0
85 54 28132701
85 55 0
85 56 432104466
85 57 0
85 58 58064062
85 59 0
85 60 885886477
85 61 0
85 62 685803175
85 63 0
85 64 498500408
85 65 0
85 66 314791329
85 67 0
85 68 587645684
85 69 0
85 70 42506010
85 71 0
85 72 689614374
85 73 0
85 74 506485416
85 75 0
85 76 648874923
85 77 0
85 78 603598059
85 79 0
85 80 424448524
85 81 0
85 82 447835948
85 83 0
85 84 197207994
85 85 0
86 1 1
86 2 879370834
86 3 861220136
86 4 946322196
86 5 462508352
86 6 500006728
86 7 51039997
86 8 489054323
86 9 348408119
86 10 341725798
86 11 243798939
86 12 400938528
86 13 786130930
86 14 352257896
86 15 872702580
86 16 969581626
86 17 463092927
86 18 47385604
86 19 822100277
86 20 43063292
86 21 294694739
86 22 57599019
86 23 433832450
86 24 800707007
86 25 543902844
86 26 218918453
86 27 624462328
86 28 440992218
86 29 252116982
86 30 244713389
86 31 134903917
86 32 777094192
86 33 233474526
86 34 694993124
86 35 892082261
86 36 876154613
86 37 823263394
86 38 364523822
86 39 988740780
86 40 27299759
86 41 571979561
86 42 638061049
86 43 362148533
86 44 679229030
86 45 70960707
86 46 377192656
86 47 152250228
86 48 30325103
86 49 166916155
86 50 290099405
86 51 620722434
86 52 799439162
86 53 888254810
86 54 110996173
86 55 945878432
86 56 139597832
86 57 989228628
86 58 251054248
86 59 932088223
86 60 312539531
86 61 20942693
86 62 994978499
86 63 725199638
86 64 771382823
86 65 625602065
86 66 616840597
86 67 466223024
86 68 670056266
86 69 83738541
86 70 330450361
86 71 972628094
86 72 978457713
86 73 137162163
86 74 94779962
86 75 642774161
86 76 998643819
86 77 322876661
86 78 996174177
86 79 735763778
86 80 699171428
86 81 935725020
86 82 713771512
86 83 467655391
86 84 718680271
86 85 232401269
86 86 650243274
87 1 0
87 2 665487541
87 3 0
87 4 331941326
87 5 0
87 6 244625503
87 7 0
87 8 344641541
87 9 0
87 10 840056573
87 11 0
87 12 214874415
87 13 0
87 14 396873041
87 15 0
87 16 874470979
87 17 0
87 18 873315211
87 19 0
87 20 584329305
87 21 0
87 22 149092633
87 23 0
87 24 262420648
87 25 0
87 26 93020040
87 27 0
87 28 120590480
87 29 0
87 30 842188247
87 31 0
87 32 48162576
87 33 0
87 34 76714231
87 35 0
87 36 984777301
87 37 0
87 38 730894040
87 39 0
87 40 188241519
87 41 0
87 42 992736877
87 43 0
87 44 490459116
87 45 0
87 46 717595079
87 47 0
87 48 373083055
87 49 0
87 50 915079044
87 51 0
87 52 218444607
87 53 0
87 54 478922110
87 55 0
87 56 994585336
87 57 0
87 58 209472398
87 59 0
87 60 365866573
87 61 0
87 62 305419771
87 63 0
87 64 223452581
87 65 0
87 66 538453111
87 67 0
87 68 849785649
87 69 0
87 70 481513915
87 71 0
87 72 223128063
87 73 0
87 74 964598304
87 75 0
87 76 890019125
87 77 0
87 78 505452953
87 79 0
87 80 630410618
87 81 0
87 82 677449931
87 83 0
87 84 916404397
87 85 0
87 86 653865778
87 87 0
88 1 1
88 2 544858368
88 3 589896244
88 4 103243694
88 5 950625761
88 6 535134841
88 7 309777982
88 8 727894797
88 9 194686782
88 10 271452045
88 11 190348841
88 12 82006494
88 13 867842532
88 14 43580252
88 15 824418415
88 16 499705829
88 17 300910557
88 18 637841353
88 19 584893251
88 20 148422841
88 21 493872831
88 22 166339895
88 23 32344480
88 24 243305230
88 25 581981334
88 26 48648954
88 27 426479435
88 28 114701922
88 29 490686610
88 30 45309859
88 31 526569507
88 32 272097168
88 33 51336010
88 34 726662442
88 35 566837666
88 36 715840485
88 37 131099738
88 38 480499310
88 39 537447778
88 40 529308675
88 41 549788930
88 42 345206004
88 43 468043919
88 44 826008608
88 45 264202891
88 46 126511633
88 47 234628026
88 48 387312882
88 49 956118845
88 50 220012513
88 51 317069129
88 52 929616746
88 53 907187262
88 54 65265756
88 55 288918922
88 56 771257675
88 57 961753132
88 58 748979192
88 59 630757947
88 60 557413736
88 61 665005019
88 62 347135530
88 63 42141447
88 64 602406125
88 65 200390644
88 66 812180819
88 67 101773782
88 68 234769537
88 69 797711068
88 70 375884326
88 71 484984218
88 72 983455201
88 73 275177500
88 74 982061702
88 75 924321938
88 76 121317
88 77 770744209
88 78 532581123
88 79 742295829
88 80 421035048
88 81 827333493
88 82 85882978
88 83 677813336
88 84 935367011
88 85 974687901
88 86 852693970
88 87 564923696
88 88 608305084
89 1 0
89 2 210345902
89 3 0
89 4 36192725
89 5 0
89 6 56856630
89 7 0
89 8 701022655
89 9 0
89 10 587547316
89 11 0
89 12 496887942
89 13 0
89 14 164091583
89 15 0
89 16 568152492
89 17 0
89 18 952723714
89 19 0
89 20 37923440
89 21 0
89 22 519690814
89 23 0
89 24 221010347
89 25 0
89 26 61108161
89 27 0
89 28 354841017
89 29 0
89 30 242364751
89 31 0
89 32 147383973
89 33 0
89 34 848933436
89 35 0
89 36 573141117
89 37 0
89 38 393687522
89 39 0
89 40 681374807
89 41 0
89 42 940444385
89 43 0
89 44 57534796
89 45 0
89 46 173717051
89 47 0
89 48 61533909
89 49 0
89 50 27492154
89 51 0
89 52 92264501
89 53 0
89 54 56831716
89 55 0
89 56 708232862
89 57 0
89 58 353071678
89 59 0
89 60 850404243
89 61 0
89 62 546003133
89 63 0
89 64 780763911
89 65 0
89 66 505431010
89 67 0
89 68 801743998
89 69 0
89 70 899645403
89 71 0
89 72 632409846
89 73 0
89 74 503638291
89 75 0
89 76 910215413
89 77 0
89 78 476744553
89 79 0
89 80 545943059
89 81 0
89 82 3067969
89 83 0
89 84 3678949
89 85 0
89 86 303712285
89 87 0
89 88 877105162
89 89 0
90 1 1
90 2 755204270
90 3 498364833
90 4 938030332
90 5 826654544
90 6 712186675
90 7 737346813
90 8 379460937
90 9 444522058
90 10 717223927
90 11 828231594
90 12 229094619
90 13 77041105
90 14 927393972
90 15 549962878
90 16 269366426
90 17 656118824
90 18 119207048
90 19 105612499
90 20 82606818
90 21 666525077
90 22 817315602
90 23 987010323
90 24 13774154
90 25 533554491
90 26 410122997
90 27 589424245
90 28 89563732
90 29 50200886
90 30 982093641
90 31 150391063
90 32 87398533
90 33 500623714
90 34 731740421
90 35 616636937
90 36 323818255
90 37 109429653
90 38 403004302
90 39 343146364
90 40 110506100
90 41 595413251
90 42 870259461
90 43 551492784
90 44 808174790
90 45 392444884
90 46 148839271
90 47 197360823
90 48 845678429
90 49 869393516
90 50 852100181
90 51 509854404
90 52 719505454
90 53 429171459
90 54 2309001
90 55 546242463
90 56 955791305
90 57 606280039
90 58 206199039
90 59 997204638
90 60 149057102
90 61 495932826
90 62 43130135
90 63 302165333
90 64 346659856
90 65 350007607
90 66 836549992
90 67 90965102
90 68 295207912
90 69 867359267
90 70 275318368
90 71 362319297
90 72 478504631
90 73 968257393
90 74 840745238
90 75 935266969
90 76 488018297
90 77 776911261
90 78 618533870
90 79 114843717
90 80 234267386
90 81 819624720
90 82 664126045
90 83 401525220
90 84 673196268
90 85 915241525
90 86 320656887
90 87 660562468
90 88 274170142
90 89 74377900
90 90 463814274
91 1 0
91 2 965550172
91 3 0
91 4 890296325
91 5 0
91 6 4714730
91 7 0
91 8 989517071
91 9 0
91 10 940240619
91 11 0
91 12 917447252
91 13 0
91 14 65140698
91 15 0
91 16 342048301
91 17 0
91 18 661279359
91 19 0
91 20 287684639
91 21 0
91 22 485300789
91 23 0
91 24 216145009
91 25 0
91 26 949735558
91 27 0
91 28 653684220
91 29 0
91 30 704998209
91 31 0
91 32 453952150
91 33 0
91 34 663420562
91 35 0
91 36 664504347
91 37 0
91 38 869831037
91 39 0
91 40 34328545
91 41 0
91 42 285633561
91 43 0
91 44 745175916
91 45 0
91 46 36295152
91 47 0
91 48 933783384
91 49 0
91 50 216419575
91 51 0
91 52 287789218
91 53 0
91 54 70412771
91 55 0
91 56 700598610
91 57 0
91 58 56161833
91 59 0
91 60 201687349
91 61 0
91 62 266938875
91 63 0
91 64 442846440
91 65 0
91 66 562104634
91 67 0
91 68 550425354
91 69 0
91 70 285768052
91 71 0
91 72 650421044
91 73 0
91 74 396336836
91 75 0
91 76 98158303
91 77 0
91 78 981683296
91 79 0
91 80 396033059
91 81 0
91 82 991662352
91 83 0
91 84 138695930
91 85 0
91 86 164366417
91 87 0
91 88 394187330
91 89 0
91 90 268668724
91 91 0
92 1 1
92 2 720754435
92 3 403563081
92 4 513396981
92 5 684298037
92 6 738754709
92 7 463962689
92 8 298271868
92 9 64769364
92 10 196024959
92 11 852502121
92 12 300682023
92 13 644143560
92 14 673427534
92 15 513406288
92 16 810095871
92 17 378527681
92 18 166371802
92 19 34145425
92 20 629234919
92 21 221749891
92 22 74039935
92 23 803640087
92 24 417972153
92 25 702021392
92 26 748300521
92 27 530155878
92 28 308097530
92 29 933325438
92 30 103371151
92 31 545472590
92 32 883072772
92 33 7293631
92 34 558637533
92 35 227963275
92 36 144794983
92 37 421853569
92 38 599208634
92 39 70202047
92 40 711795033
92 41 247080872
92 42 331553151
92 43 849261479
92 44 9447901
92 45 411400352
92 46 304549791
92 47 972942353
92 48 255209687
92 49 35820058
92 50 249006317
92 51 59036700
92 52 884818724
92 53 429360714
92 54 934909068
92 55 862279963
92 56 138442721
92 57 645427198
92 58 121871461
92 59 670734057
92 60 201924700
92 61 877228211
92 62 989464466
92 63 39593560
92 64 314914621
92 65 996112287
92 66 458563132
92 67 39499093
92 68 316227489
92 69 173058666
92 70 151463440
92 71 977408001
92 72 471357170
92 73 131830127
92 74 3499179
92 75 615501856
92 76 438706123
92 77 862504190
92 78 47877684
92 79 861884696
92 80 154122438
92 81 121067553
92 82 791256304
92 83 608427598
92 84 269531297
92 85 215009761
92 86 342120780
92 87 769978904
92 88 55833829
92 89 867745749
92 90 398051992
92 91 991414164
92 92 425378897
93 1 0
93 2 686304600
93 3 0
93 4 866716178
93 5 0
93 6 361872320
93 7 0
93 8 97735361
93 9 0
93 10 61928777
93 11 0
93 12 585391378
93 13 0
93 14 179712065
93 15 0
93 16 774150269
93 17 0
93 18 104699325
93 19 0
93 20 258620779
93 21 0
93 22 656683203
93 23 0
93 24 949769374
93 25 0
93 26 371132538
93 27 0
93 28 398056486
93 29 0
93 30 623268481
93 31 0
93 32 444656392
93 33 0
93 34 856816896
93 35 0
93 36 269554711
93 37 0
93 38 656288999
93 39 0
93 40 36071428
93 41 0
93 42 336399940
93 43 0
93 44 988506692
93 45 0
93 46 548612266
93 47 0
93 48 818995427
93 49 0
93 50 726676637
93 51 0
93 52 906436123
93 53 0
93 54 414013439
93 55 0
93 56 32825943
93 57 0
93 58 171240742
93 59 0
93 60 659405525
93 61 0
93 62 147993147
93 63 0
93 64 27694716
93 65 0
93 66 293563704
93 67 0
93 68 254026848
93 69 0
93 70 172294033
93 71 0
93 72 162480585
93 73 0
93 74 107517649
93 75 0
93 76 900294649
93 77 0
93 78 624385433
93 79 0
93 80 38601257
93 81 0
93 82 210884228
93 83 0
93 84 461802097
93 85 0
93 86 346879312
93 87 0
93 88 99534709
93 89 0
93 90 850240001
93 91 0
93 92 199316273
93 93 0
94 1 1
94 2 407059028
94 3 115887484
94 4 385967055
94 5 608403231
94 6 510518460
94 7 142314030
94 8 428107224
94 9 605680300
94 10 94319519
94 11 634192512
94 12 299861648
94 13 150449377
94 14 226879528
94 15 400048839
94 16 89452194
94 17 966311854
94 18 342391290
94 19 141237
94 20 750059405
94 21 457291092
94 22 515492200
94 23 272496010
94 24 366994156
94 25 993086000
94 26 923865067
94 27 37269360
94 28 487846292
94 29 25534471
94 30 203079934
94 31 392002376
94 32 730511698
94 33 296400294
94 34 228708522
94 35 157996121
94 36 661757343
94 37 877936319
94 38 548967550
94 39 674439844
94 40 507280615
94 41 630040358
94 42 926066466
94 43 154964228
94 44 284413685
94 45 582369878
94 46 680614816
94 47 536760609
94 48 915402861
94 49 947316288
94 50 227569684
94 51 555978500
94 52 120405073
94 53 930612246
94 54 112178957
94 55 903452702
94 56 431651416
94 57 974814541
94 58 674435757
94 59 928688032
94 60 605253413
94 61 953605506
94 62 830743443
94 63 158599780
94 64 38268758
94 65 188188629
94 66 817693412
94 67 844085838
94 68 535969943
94 69 217162602
94 70 549077147
94 71 758843950
94 72 287487779
94 73 4128928
94 74 566488624
94 75 175075490
94 76 337996901
94 77 255341541
94 78 180089998
94 79 520862725
94 80 901505891
94 81 204422094
94 82 419824014
94 83 438211419
94 84 637219589
94 85 781227948
94 86 203609906
94 87 869724802
94 88 592959667
94 89 874693543
94 90 939549679
94 91 196860385
94 92 556691054
94 93 291903071
94 94 768531938
95 1 0
95 2 93363621
95 3 0
95 4 342648573
95 5 0
95 6 191857660
95 7 0
95 8 458578512
95 9 0
95 10 802914439
95 11 0
95 12 916210942
95 13 0
95 14 757837902
95 15 0
95 16 506532091
95 17 0
95 18 575669551
95 19 0
95 20 821780494
95 21 0
95 22 553673114
95 23 0
95 24 319735930
95 25 0
95 26 895730303
95 27 0
95 28 404451470
95 29 0
95 30 40641928
95 31 0
95 32 859936680
95 33 0
95 34 82482982
95 35 0
95 36 187544284
95 37 0
95 38 769868202
95 39 0
95 40 362531021
95 41 0
95 42 306482057
95 43 0
95 44 928835941
95 45 0
95 46 835466610
95 47 0
95 48 256798871
95 49 0
95 50 746060989
95 51 0
95 52 496739654
95 53 0
95 54 607742773
95 55 0
95 56 137955741
95 57 0
95 58 597276192
95 59 0
95 60 632010192
95 61 0
95 62 430936454
95 63 0
95 64 948237291
95 65 0
95 66 336777838
95 67 0
95 68 514706781
95 69 0
95 70 588138590
95 71 0
95 72 264833546
95 73 0
95 74 919622601
95 75 0
95 76 747481610
95 77 0
95 78 963208064
95 79 0
95 80 322673936
95 81 0
95 82 110258383
95 83 0
95 84 612179299
95 85 0
95 86 727552034
95 87 0
95 88 714780474
95 89 0
95 90 965103993
95 91 0
95 92 279869699
95 93 0
95 94 696048732
95 95 0
96 1 1
96 2 500422649
96 3 59986855
96 4 625803031
96 5 677703694
96 6 552865854
96 7 52783211
96 8 930254541
96 9 903164718
96 10 480991450
96 11 6925198
96 12 244540904
96 13 554052002
96 14 814452067
96 15 481814081
96 16 307486608
96 17 254840074
96 18 365311098
96 19 545342354
96 20 508790292
96 21 123567219
96 22 940328184
96 23 960899957
96 24 684837319
96 25 637106810
96 26 25405879
96 27 35904505
96 28 143199269
96 29 886174426
96 30 698527792
96 31 829969831
96 32 31877006
96 33 950574009
96 34 359298764
96 35 818592698
96 36 792643880
96 37 906308047
96 38 707626308
96 39 105735405
96 40 429672609
96 41 468510730
96 42 278216599
96 43 234086340
96 44 461540436
96 45 47603274
96 46 113344093
96 47 843887709
96 48 84207595
96 49 840008611
96 50 911355336
96 51 264609355
96 52 478660873
96 53 588616074
96 54 416734724
96 55 775821587
96 56 169884218
96 57 782459737
96 58 666998088
96 59 405465089
96 60 217942288
96 61 21819573
96 62 409395228
96 63 848327545
96 64 687832385
96 65 592753640
96 66 437627403
96 67 342630361
96 68 442970679
96 69 228693270
96 70 14627028
96 71 501529930
96 72 389115959
96 73 490534507
96 74 291262396
96 75 959404911
96 76 133151283
96 77 466871258
96 78 829532802
96 79 475908797
96 80 247977261
96 81 920621668
96 82 765940495
96 83 978268294
96 84 70873722
96 85 458974589
96 86 25190223
96 87 771060093
96 88 284114485
96 89 274214363
96 90 218142621
96 91 762745659
96 92 362355081
96 93 290181073
96 94 804760993
96 95 493458562
96 96 246562566
97 1 0
97 2 593786270
97 3 0
97 4 858296766
97 5 0
97 6 681759790
97 7 0
97 8 476797584
97 9 0
97 10 184288278
97 11 0
97 12 715969889
97 13 0
97 14 482798901
97 15 0
97 16 781611491
97 17 0
97 18 370519678
97 19 0
97 20 60960059
97 21 0
97 22 223040290
97 23 0
97 24 744333824
97 25 0
97 26 766821428
97 27 0
97 28 561862777
97 29 0
97 30 561267836
97 31 0
97 32 711467633
97 33 0
97 34 566249448
97 35 0
97 36 138262962
97 37 0
97 38 959150076
97 39 0
97 40 956358733
97 41 0
97 42 922334305
97 43 0
97 44 766285881
97 45 0
97 46 21747037
97 47 0
97 48 131081897
97 49 0
97 50 402269643
97 51 0
97 52 64335849
97 53 0
97 54 114074823
97 55 0
97 56 61360149
97 57 0
97 58 216908171
97 59 0
97 60 726913895
97 61 0
97 62 591567116
97 63 0
97 64 827281868
97 65 0
97 66 749131051
97 67 0
97 68 12815828
97 69 0
97 70 319529082
97 71 0
97 72 984027969
97 73 0
97 74 651918199
97 75 0
97 76 160722720
97 77 0
97 78 304270243
97 79 0
97 80 982068925
97 81 0
97 82 328366371
97 83 0
97 84 650644060
97 85 0
97 86 242947245
97 87 0
97 88 865294930
97 89 0
97 90 231934719
97 91 0
97 92 291630401
97 93 0
97 94 426447956
97 95 0
97 96 893333668
97 97 0
98 1 1
98 2 94208912
98 3 124059936
98 4 943993418
98 5 134468029
98 6 697421537
98 7 607606617
98 8 265003931
98 9 129678741
98 10 107993226
98 11 770255549
98 12 705324450
98 13 550002011
98 14 249131007
98 15 412625162
98 16 98035060
98 17 272739415
98 18 849892912
98 19 322421841
98 20 375408414
98 21 768720576
98 22 979463067
98 23 766812152
98 24 565379714
98 25 606677829
98 26 239388623
98 27 85891710
98 28 183150576
98 29 876009866
98 30 223936154
98 31 163681133
98 32 664913896
98 33 455460222
98 34 580134042
98 35 998910564
98 36 918403074
98 37 618458410
98 38 818610115
98 39 695865446
98 40 894837714
98 41 455772845
98 42 941507620
98 43 891751834
98 44 328747282
98 45 386374118
98 46 396230845
98 47 955204037
98 48 521652905
98 49 21869763
98 50 38710229
98 51 534872567
98 52 245530237
98 53 81584977
98 54 393961780
98 55 759901531
98 56 174340021
98 57 677420513
98 58 990577398
98 59 499421657
98 60 477919946
98 61 857868754
98 62 984850743
98 63 557250175
98 64 880893101
98 65 7683067
98 66 735120978
98 67 513799836
98 68 356124278
98 69 587696806
98 70 890351690
98 71 574474883
98 72 832987151
98 73 28940724
98 74 534769827
98 75 360044985
98 76 604862099
98 77 774934035
98 78 249237723
98 79 316555362
98 80 772579896
98 81 934197546
98 82 596739056
98 83 301343484
98 84 87212210
98 85 425972872
98 86 133102506
98 87 975194612
98 88 567043514
98 89 929270764
98 90 287560557
98 91 538285876
98 92 785087287
98 93 430477343
98 94 417856126
98 95 44656355
98 96 810793641
98 97 766947818
98 98 901276327
99 1 0
99 2 687995182
99 3 0
99 4 518631671
99 5 0
99 6 959477067
99 7 0
99 8 255074202
99 9 0
99 10 872628810
99 11 0
99 12 713656829
99 13 0
99 14 876464714
99 15 0
99 16 470017115
99 17 0
99 18 184484626
99 19 0
99 20 19853793
99 21 0
99 22 294771513
99 23 0
99 24 778999893
99 25 0
99 26 736354282
99 27 0
99 28 581940256
99 29 0
99 30 435633343
99 31 0
99 32 341818027
99 33 0
99 34 506236824
99 35 0
99 36 555474985
99 37 0
99 38 890991814
99 39 0
99 40 835615817
99 41 0
99 42 760016804
99 43 0
99 44 609162129
99 45 0
99 46 917795262
99 47 0
99 48 820410838
99 49 0
99 50 595238344
99 51 0
99 52 620339291
99 53 0
99 54 726658598
99 55 0
99 56 759399115
99 57 0
99 58 961748753
99 59 0
99 60 475639269
99 61 0
99 62 394495910
99 63 0
99 64 556819054
99 65 0
99 66 245175975
99 67 0
99 68 389919756
99 69 0
99 70 664496032
99 71 0
99 72 266381692
99 73 0
99 74 601568435
99 75 0
99 76 821899695
99 77 0
99 78 223268709
99 79 0
99 80 57984588
99 81 0
99 82 892862484
99 83 0
99 84 309358275
99 85 0
99 86 531453883
99 87 0
99 88 18920711
99 89 0
99 90 750553156
99 91 0
99 92 93952157
99 93 0
99 94 6782994
99 95 0
99 96 763784782
99 97 0
99 98 800151864
99 99 0
100 1 1
100 2 782204094
100 3 436252889
100 4 471092461
100 5 772252739
100 6 907768777
100 7 89621240
100 8 426075085
100 9 256330968
100 10 483993199
100 11 421564658
100 12 712199116
100 13 905499245
100 14 430121098
100 15 749507488
100 16 89571556
100 17 767399955
100 18 340777774
100 19 674373003
100 20 906122213
100 21 905777826
100 22 369798523
100 23 348177760
100 24 619668681
100 25 219701896
100 26 273115594
100 27 320853541
100 28 771416658
100 29 585070770
100 30 834905926
100 31 598550542
100 32 947252316
100 33 572678177
100 34 896320039
100 35 721485383
100 36 107337072
100 37 346955986
100 38 132133679
100 39 675647542
100 40 24108734
100 41 451358960
100 42 794485281
100 43 582737598
100 44 968648960
100 45 932707052
100 46 502801964
100 47 458006740
100 48 224444191
100 49 592858866
100 50 493782115
100 51 59565827
100 52 58244922
100 53 961557414
100 54 704654568
100 55 12267581
100 56 506199456
100 57 597367485
100 58 773150897
100 59 191692132
100 60 677838612
100 61 828474595
100 62 568441184
100 63 411986631
100 64 197061530
100 65 950387032
100 66 102903708
100 67 59417458
100 68 851786013
100 69 967806115
100 70 386849542
100 71 742038915
100 72 446931753
100 73 135375293
100 74 154605639
100 75 822483512
100 76 961555196
100 77 36609203
100 78 8151018
100 79 871205831
100 80 889269860
100 81 59355186
100 82 833810265
100 83 388417891
100 84 745690632
100 85 403367751
100 86 968242580
100 87 16120377
100 88 638729756
100 89 608285419
100 90 207544332
100 91 274841663
100 92 542438853
100 93 287793177
100 94 299028391
100 95 68186466
100 96 428085294
100 97 687157559
100 98 160055342
100 99 987962555
100 100 136442580
